rut
3580993
4028042
4147695
4816038
4832351
4845141
4853131
4870743
4916830
4925101
4934370
4936405
4953154
4960110
4989900
4996390
5014275
5017541
5021664
5037079
5048363
5058210
5064940
5082832
5086516
5087539
5093103
5095012
5111384
5128697
5133325
5143444
5149841
5167392
5178201
5186178
5187886
5188084
5190346
5196286
5209957
5215292
5217399
5220183
5222868
5223517
5224911
5230787
5233076
5233203
5237422
5239558
5247783
5274760
5280244
5282683
5286411
5294937
5299527
5302064
5305266
5315458
5318320
5324426
5336505
5339859
5347324
5356357
5362986
5365375
5367683
5380214
5385640
5393887
5399663
5411517
5412377
5412819
5415055
5419109
5422531
5433015
5437307
5438034
5438406
5450503
5462189
5464169
5469255
5470584
5475303
5479272
5479302
5491674
5493066
5498998
5500671
5510426
5513768
5516499
5517518
5518033
5518035
5518195
5521649
5523785
5525137
5527026
5533644
5535233
5536667
5537800
5544520
5545804
5558060
5558460
5561018
5562001
5562970
5568970
5571966
5573240
5577514
5580635
5584177
5585079
5586997
5589030
5593864
5595653
5601502
5605118
5605598
5607553
5612950
5614026
5615038
5623392
5624848
5629562
5630430
5634742
5638556
5643408
5651550
5664424
5667867
5668627
5669088
5672376
5674028
5674272
5676696
5678579
5680858
5685034
5686944
5690344
5706596
5709382
5710587
5712642
5714113
5714850
5715413
5715713
5717347
5720216
5721602
5723423
5723881
5725179
5726576
5729366
5732269
5733188
5733233
5733309
5733883
5736013
5739657
5743130
5748065
5751927
5753992
5754019
5755120
5757201
5757714
5757752
5760709
5760991
5761930
5762903
5765656
5765898
5767615
5770252
5772975
5772998
5773528
5773763
5778906
5780238
5783086
5791413
5792924
5795608
5796476
5797248
5798659
5802013
5804301
5806110
5806618
5806946
5809510
5809583
5810646
5811127
5813205
5813465
5816164
5816377
5820768
5822755
5824832
5825197
5829630
5831799
5832736
5834353
5836019
5837300
5838723
5839505
5840822
5841842
5845849
5845905
5846654
5847793
5848075
5848253
5848425
5849586
5850171
5850764
5851856
5852287
5856641
5860465
5861341
5865116
5867247
5879366
5883956
5884835
5887531
5888270
5890939
5891395
5893657
5898572
5900440
5901514
5907784
5910264
5916414
5916885
5917486
5924451
5926209
5929956
5930268
5930654
5932368
5933664
5936759
5936888
5938611
5939883
5941899
5943303
5944210
5944726
5944755
5952645
5953510
5955760
5957414
5957592
5958638
5959010
5963946
5965118
5965451
5970647
5971685
5974648
5975628
5977583
5979624
5979663
5982211
5983005
5983468
5985740
5988314
5988341
5989917
5990587
5990618
5994771
5995648
5999444
5999870
6006263
6008777
6008781
6012444
6013741
6015282
6017997
6018412
6020782
6021671
6024030
6027538
6027592
6029278
6032763
6033330
6033699
6038464
6040295
6041023
6045486
6047045
6050402
6052014
6053860
6056483
6058007
6061903
6062391
6065085
6065935
6072154
6076106
6077591
6079293
6080054
6081684
6088621
6091742
6093565
6097348
6104203
6104807
6105987
6108432
6110417
6110461
6114289
6114576
6114650
6116237
6117801
6118868
6121734
6124407
6125394
6125706
6126757
6128119
6128503
6130762
6132427
6132621
6136627
6140109
6147672
6147746
6148885
6149276
6150011
6151572
6151757
6156077
6156136
6156598
6156971
6157446
6161233
6161624
6162093
6162487
6162890
6163892
6166697
6169085
6170883
6171143
6171635
6172439
6173697
6174505
6176091
6176753
6184389
6184460
6184544
6185334
6185505
6186120
6187056
6187971
6189816
6193043
6193050
6196131
6198347
6200039
6203271
6205876
6206705
6211374
6212579
6212692
6213658
6213772
6215124
6216183
6216417
6216861
6218319
6219288
6220621
6221186
6223111
6223786
6224115
6226065
6229411
6229430
6230582
6231161
6231403
6232936
6233222
6233437
6233855
6235720
6237891
6239532
6240552
6242937
6245931
6246438
6247235
6248240
6248654
6250841
6255406
6255454
6255471
6256011
6256862
6258080
6258156
6262062
6262444
6263006
6263327
6264218
6264507
6265754
6266211
6266928
6267484
6268064
6274605
6277467
6282585
6282853
6283299
6288510
6289802
6289853
6291484
6292852
6293269
6295537
6299358
6300238
6301525
6302590
6303931
6304250
6304471
6305060
6306464
6306494
6308328
6309066
6310360
6310665
6312190
6313600
6313683
6315841
6316677
6316954
6317972
6318482
6321331
6321808
6322061
6325938
6326073
6326654
6328683
6330976
6334338
6337886
6348155
6349823
6350617
6351568
6353499
6359459
6359887
6361449
6363824
6364788
6367443
6371489
6380671
6381194
6382898
6383469
6385643
6389588
6391634
6392447
6392925
6393711
6393873
6394200
6394786
6397986
6398776
6399599
6402148
6404493
6405424
6406808
6409271
6409724
6410272
6410441
6411418
6412238
6416817
6418174
6423090
6423174
6423225
6424245
6424433
6424974
6427168
6428306
6430843
6431973
6432298
6432697
6432816
6434741
6435175
6436611
6437006
6437648
6437823
6438444
6438450
6439059
6439229
6440534
6442784
6443361
6443600
6448114
6450679
6455064
6457032
6465585
6467588
6470546
6471505
6472185
6476733
6477190
6477986
6478314
6478325
6479174
6482093
6482148
6484301
6486659
6488667
6489228
6490734
6492022
6494083
6494101
6495788
6500993
6502577
6502770
6503534
6507241
6507916
6510666
6511288
6511453
6515096
6516319
6518738
6521168
6521372
6525305
6525415
6527506
6530246
6530335
6534254
6535313
6539608
6539828
6540230
6540550
6541660
6543479
6545261
6547437
6547956
6549412
6549413
6551553
6553287
6558239
6560268
6565112
6565712
6567944
6567967
6570389
6571029
6572179
6573731
6575746
6577234
6578743
6578996
6581301
6588069
6589694
6590806
6592073
6592229
6593229
6594352
6594446
6594543
6596133
6602072
6606568
6608311
6609054
6609061
6610258
6613860
6613888
6615133
6623912
6624871
6625313
6625744
6626093
6626764
6627992
6628559
6630500
6631608
6633132
6634312
6635723
6636902
6637283
6638133
6638628
6640129
6641012
6642713
6644277
6645660
6646255
6647347
6647356
6648522
6649513
6651297
6651586
6652347
6652419
6655442
6656741
6657786
6658177
6659178
6660213
6667957
6668311
6670334
6672262
6678113
6679365
6680303
6681824
6682357
6683742
6684447
6685448
6687634
6688448
6689058
6689281
6691468
6692048
6693620
6694768
6696142
6698750
6698966
6699121
6699539
6701278
6702205
6702472
6703231
6703608
6704801
6707043
6707404
6707503
6707572
6710285
6711295
6713615
6713677
6714057
6716423
6716878
6716940
6722427
6722547
6723009
6723483
6723672
6724388
6724950
6726493
6732595
6732944
6734687
6736894
6737533
6740870
6740893
6744823
6753248
6754727
6758985
6760626
6761214
6764636
6764919
6767124
6768041
6770050
6773690
6776293
6777692
6777970
6780323
6783666
6787224
6788998
6789095
6793340
6797049
6797965
6800473
6800526
6800844
6801724
6806370
6807330
6808696
6809670
6810394
6811355
6811540
6811627
6812579
6812937
6813985
6814569
6816728
6817951
6819639
6820959
6821397
6822247
6823478
6823702
6824685
6825194
6827028
6830962
6833417
6833505
6837125
6838039
6838401
6839266
6841013
6847065
6847331
6848909
6853298
6854801
6855811
6858469
6859310
6861175
6863247
6864293
6866044
6866112
6870493
6873931
6875120
6879845
6881296
6881729
6883630
6885775
6888096
6888725
6889138
6890926
6891880
6892494
6893846
6893919
6894707
6895128
6895144
6896627
6899832
6900143
6901357
6902014
6903056
6903557
6903646
6911921
6914110
6915406
6915963
6918123
6918436
6919640
6919759
6920924
6921145
6924930
6925503
6925813
6926026
6926428
6927446
6927904
6930114
6930342
6932565
6936003
6937001
6938063
6938709
6940789
6943306
6946527
6947296
6948194
6949076
6950963
6951444
6951853
6961352
6961725
6961799
6967778
6970002
6977480
6977866
6977952
6983418
6986094
6986191
6990273
6995141
6996447
6996801
6996868
6998418
6998618
7000467
7000698
7005496
7006364
7007074
7013865
7017433
7017697
7021009
7024075
7025119
7025232
7026101
7026922
7026981
7028763
7031686
7033473
7035026
7039156
7041588
7049087
7052686
7052973
7054195
7055552
7057125
7057740
7057750
7058345
7060890
7061880
7063383
7066149
7066794
7067622
7069260
7069286
7071378
7072183
7072329
7073769
7074657
7076914
7079088
7083148
7084023
7088894
7089325
7089691
7090168
7090250
7090316
7095095
7098707
7099300
7102282
7104803
7105298
7106985
7108059
7109933
7111452
7111725
7111881
7113050
7115190
7118899
7118983
7119138
7124205
7124338
7125238
7125361
7126765
7130073
7131704
7132316
7132638
7136237
7136411
7137703
7138072
7141281
7141328
7143045
7145442
7149202
7150901
7152338
7152458
7154830
7156325
7159356
7159787
7159894
7161943
7163355
7165698
7166511
7168949
7170004
7170144
7173306
7175272
7175384
7175405
7175578
7178347
7178882
7181036
7183286
7184834
7185693
7186013
7189280
7190544
7191126
7192117
7193359
7193847
7197087
7198856
7201009
7201574
7205657
7207860
7208245
7211530
7212714
7212802
7212982
7214151
7214480
7214656
7216198
7216225
7216926
7218314
7219038
7221194
7224045
7225118
7226293
7226660
7226789
7226790
7226873
7228429
7228553
7228972
7231989
7233427
7234122
7235655
7236439
7236897
7237429
7239265
7239486
7243633
7249070
7250184
7251682
7252704
7253033
7255211
7255881
7256931
7262501
7262787
7263429
7264011
7264477
7265966
7267085
7270705
7271911
7272530
7277621
7278384
7280387
7280967
7281834
7284403
7285135
7286524
7286688
7288008
7292468
7292486
7293856
7296389
7297744
7300767
7302861
7306064
7306278
7310772
7312985
7313050
7314626
7317369
7317510
7318336
7320148
7323404
7323730
7325063
7328745
7330393
7330796
7333224
7333778
7336044
7336292
7336881
7338117
7338230
7338627
7343982
7344024
7345466
7346583
7348140
7350418
7350946
7351538
7352715
7353192
7355363
7355449
7356207
7357895
7363474
7363935
7367980
7369002
7369437
7369586
7370821
7372344
7373327
7373823
7375229
7376271
7377052
7378419
7380059
7381540
7383590
7384620
7384989
7385555
7386398
7387363
7387422
7388127
7389500
7390228
7391294
7392078
7393576
7396220
7398901
7398996
7399678
7400724
7402647
7404132
7404541
7406685
7407186
7410071
7411597
7411965
7413090
7414213
7414344
7417835
7420709
7421318
7422283
7423043
7426740
7427758
7429639
7429749
7430094
7430340
7432221
7432315
7432731
7437955
7440794
7440896
7442861
7443178
7444739
7446551
7447793
7447994
7450253
7450535
7452427
7452685
7453048
7454324
7454511
7454655
7454799
7457965
7458574
7459021
7459155
7459824
7460207
7460800
7461799
7462203
7464435
7464690
7465471
7465620
7467438
7468002
7468092
7468541
7468799
7471403
7472979
7476624
7477123
7478209
7479018
7480190
7480468
7481815
7483225
7483854
7484934
7485253
7486014
7486233
7488709
7489942
7490213
7490303
7492626
7496280
7496557
7498338
7498703
7499722
7501622
7504446
7507423
7507463
7509143
7513584
7514216
7515957
7517037
7517734
7520760
7522209
7522381
7523020
7523135
7523351
7524079
7525590
7526396
7531040
7531996
7534149
7535821
7536517
7536980
7539031
7539071
7540728
7544276
7550167
7550422
7553175
7554277
7554788
7556336
7556953
7557868
7558519
7559044
7560851
7561106
7561390
7561593
7562163
7563406
7564601
7565057
7567040
7572855
7572870
7573174
7575914
7576144
7579773
7580116
7580588
7580802
7581675
7582423
7582780
7583179
7584022
7584026
7593313
7595469
7596132
7596294
7597762
7597954
7598621
7599654
7600153
7601132
7601917
7602615
7603058
7605951
7606719
7609510
7609638
7609964
7611534
7615404
7615429
7616003
7617183
7618876
7620025
7621337
7624215
7625094
7625956
7626153
7626598
7627105
7628169
7628643
7629466
7632087
7632836
7636160
7638225
7639726
7641902
7643251
7644208
7644284
7646103
7650259
7650496
7651374
7651617
7655833
7657045
7658984
7659966
7662497
7662909
7664218
7664874
7665826
7666671
7666850
7667238
7667371
7668637
7670307
7671509
7671852
7673990
7680418
7681302
7684597
7685109
7687266
7691536
7692647
7694302
7695925
7700147
7703264
7703510
7704706
7704713
7705591
7706697
7708106
7710229
7711640
7712980
7715755
7716642
7716894
7717488
7717752
7719372
7721188
7723318
7723896
7725007
7728540
7730368
7730400
7731731
7732706
7734458
7734814
7735016
7735970
7740355
7746735
7748526
7751395
7751448
7751777
7754079
7754468
7754782
7755691
7756070
7758467
7762590
7762843
7763073
7769232
7770941
7771733
7774130
7774966
7776126
7776418
7777911
7779739
7780423
7790064
7791809
7792447
7794467
7796493
7800529
7800619
7800668
7801263
7802808
7802816
7802995
7806318
7813861
7820154
7822964
7823749
7823804
7824642
7825067
7826056
7826816
7827367
7829576
7830974
7831263
7833558
7834700
7835705
7836098
7836474
7836690
7837546
7838079
7838344
7838948
7839856
7839920
7841338
7842964
7846864
7847905
7848329
7849146
7851240
7851758
7853584
7854405
7857596
7857816
7857987
7858111
7858379
7859849
7860373
7860678
7861356
7865850
7865899
7866830
7868240
7869001
7869213
7870329
7873854
7876926
7877330
7879811
7881531
7882042
7882539
7883335
7885692
7886140
7887038
7887167
7892434
7894071
7896894
7898255
7904973
7906993
7908678
7911827
7912607
7912635
7912958
7913573
7914156
7916286
7917053
7917385
7917944
7918306
7918660
7919480
7925246
7925566
7928044
7933179
7940102
7946490
7948893
7949582
7950666
7950839
7951366
7952677
7954664
7955088
7955448
7956647
7958532
7959192
7959280
7959593
7960776
7962152
7962780
7963043
7964456
7966156
7968075
7970269
7970388
7970865
7971430
7971640
7974734
7975972
7976397
7977579
7978119
7978209
7981743
7985277
7986065
7986324
7987384
7990398
7992221
7993348
7993856
7995183
7999820
8000828
8002423
8002792
8004120
8004841
8006066
8008073
8009860
8011796
8019582
8020424
8022303
8022730
8023882
8025296
8026382
8027271
8029142
8029408
8032090
8032830
8035077
8035819
8036454
8036476
8037799
8038814
8040574
8045064
8048147
8049066
8050112
8051036
8051734
8051970
8052422
8052447
8054274
8054905
8056370
8058937
8059365
8059481
8059631
8063228
8063426
8063610
8063883
8063950
8065528
8067536
8068858
8069494
8072413
8073147
8074363
8076172
8076936
8077950
8079467
8079584
8079862
8082117
8083036
8083154
8085415
8085476
8085623
8085973
8086584
8087109
8087114
8088522
8088918
8090118
8091100
8091951
8092757
8093815
8096349
8097477
8098198
8099927
8100617
8100783
8101191
8102909
8103284
8104233
8109680
8111407
8112762
8113584
8116351
8116830
8117719
8118241
8123360
8125308
8135053
8137934
8138998
8140461
8142566
8144577
8145792
8146446
8147258
8149297
8149927
8150866
8152277
8154430
8154658
8155361
8157544
8160985
8161083
8161513
8161539
8163427
8163892
8163959
8166071
8166266
8166646
8166762
8169153
8170242
8170336
8171085
8171234
8174101
8175300
8175978
8176175
8178416
8178744
8179515
8182986
8183009
8183238
8183494
8184345
8185592
8187387
8188060
8188083
8188170
8188520
8191662
8192018
8192733
8193017
8194573
8195662
8196934
8201692
8202926
8203558
8203631
8204398
8205191
8205486
8207115
8208027
8210824
8213254
8214347
8214811
8216731
8216845
8217980
8218781
8219822
8219864
8220345
8221366
8223684
8223913
8226556
8227615
8231215
8235227
8236092
8236867
8237329
8238347
8240242
8242066
8242076
8242790
8243153
8244848
8245201
8247582
8252007
8253064
8256894
8257267
8258330
8259590
8261796
8261894
8262629
8262789
8266025
8266598
8266612
8266620
8268317
8268776
8272966
8277546
8277830
8280273
8283005
8283214
8285313
8287182
8288256
8289313
8290071
8290187
8290735
8294881
8295033
8296012
8297356
8297846
8298065
8299189
8299378
8302909
8304008
8304026
8307150
8307582
8309664
8309750
8309789
8313606
8316546
8317329
8317584
8325311
8326393
8331132
8332947
8333690
8335837
8336702
8336955
8337379
8338096
8338419
8339525
8340445
8344082
8344361
8345169
8351131
8354353
8356006
8358394
8359653
8359799
8359889
8360168
8365549
8368431
8368556
8369463
8370057
8370194
8375737
8378779
8382199
8382845
8386476
8387543
8387709
8388272
8389358
8389796
8389852
8390455
8392193
8396650
8399070
8403141
8406519
8408342
8409246
8409608
8410268
8413170
8414258
8416785
8416975
8418166
8418945
8420693
8421224
8421705
8426047
8429501
8432174
8433227
8435131
8436301
8437653
8440298
8441768
8442523
8442728
8444309
8448546
8448888
8460339
8463172
8463944
8464215
8469968
8470189
8477518
8478212
8483767
8487963
8488400
8490919
8495541
8499019
8501717
8503239
8504260
8505205
8506288
8507478
8509103
8512924
8514047
8514660
8515639
8517751
8519324
8520653
8521472
8521691
8522647
8523991
8525633
8526837
8528787
8529301
8532396
8535493
8538814
8539405
8539486
8539495
8542159
8543445
8543459
8543919
8545504
8548878
8549581
8551939
8556228
8557597
8557833
8557996
8558035
8563476
8566709
8567684
8570087
8570562
8571072
8571218
8573734
8575707
8578646
8578860
8578903
8579201
8580963
8585202
8587546
8587888
8588520
8589391
8589604
8589916
8592444
8594911
8596354
8601286
8601542
8601871
8603115
8603261
8604599
8605525
8608409
8612177
8612569
8614208
8615738
8616471
8617259
8618362
8619370
8621007
8622227
8622517
8622570
8622897
8623019
8624620
8624626
8625834
8625896
8626978
8629959
8630856
8631315
8631367
8633935
8633958
8635054
8635071
8635517
8637529
8637734
8639484
8640542
8640783
8641457
8644271
8650723
8652523
8654068
8659484
8660804
8664750
8667412
8671244
8678593
8680429
8685496
8686373
8688298
8690233
8690559
8691577
8692032
8693851
8694293
8696654
8699589
8701310
8703619
8707195
8707365
8709156
8709282
8709871
8710451
8714101
8725409
8728303
8729705
8730289
8732836
8732873
8733577
8734522
8736963
8737657
8739660
8742177
8742825
8743740
8743775
8745536
8745680
8749373
8750452
8751528
8755113
8757178
8758014
8761533
8762415
8764918
8764979
8766528
8768555
8770821
8771582
8772306
8772456
8778651
8780076
8785469
8786880
8788800
8789849
8792378
8792624
8793914
8794290
8794566
8796051
8797120
8797528
8800146
8800536
8805076
8805563
8805697
8806571
8807081
8809043
8809086
8810443
8812058
8814067
8815034
8815740
8822684
8824294
8825597
8828871
8828953
8835518
8842522
8843932
8845724
8847007
8848144
8851729
8852903
8854941
8858058
8859461
8859590
8860956
8861952
8866215
8870764
8871377
8871686
8871750
8875218
8879782
8883431
8885597
8885683
8886043
8886592
8888501
8888950
8889221
8889324
8891563
8892954
8893684
8896952
8898773
8900126
8900225
8900991
8901437
8901645
8901653
8905117
8906153
8906549
8908405
8908983
8909636
8911637
8912191
8912482
8914034
8915690
8919252
8920693
8921506
8922905
8923605
8923910
8924657
8926186
8926311
8927873
8928763
8928840
8929863
8930665
8937922
8938827
8940186
8941362
8941508
8945281
8945870
8950296
8952746
8953929
8955606
8956651
8963453
8963933
8966335
8966513
8966907
8971116
8976739
8977541
8979572
8984056
8984907
8987770
8989720
8991317
8991458
8993249
8993637
8995169
8998398
9006260
9006988
9007659
9010697
9012671
9015354
9016049
9018954
9018957
9020033
9020703
9021208
9028208
9030706
9031809
9033075
9036526
9038083
9038642
9042826
9044576
9045515
9047540
9049132
9051137
9052498
9054875
9055138
9055469
9058992
9062345
9063235
9067500
9068303
9070060
9070693
9072235
9073952
9074854
9075187
9077923
9079905
9080445
9085624
9085956
9087477
9088404
9088999
9089228
9090792
9091069
9094508
9106018
9107751
9109861
9109951
9110787
9111630
9112104
9112213
9115008
9116814
9117914
9121159
9128822
9130277
9136567
9137008
9137840
9138110
9138287
9138807
9138901
9139306
9141133
9142367
9142486
9146539
9155722
9156578
9158262
9158682
9160360
9161996
9163548
9164253
9165685
9166304
9177234
9180812
9182153
9185024
9187755
9188279
9192008
9192892
9194144
9194505
9197024
9197203
9197617
9198062
9199046
9202902
9204559
9204590
9205127
9205992
9206837
9208816
9211416
9211812
9216296
9218403
9221933
9222938
9223745
9224561
9224696
9224994
9226571
9227231
9228054
9229667
9230991
9232710
9234283
9234354
9234428
9234923
9237191
9239272
9242567
9243581
9244581
9244922
9245070
9248864
9249332
9251097
9251550
9252298
9253409
9258569
9260016
9261004
9262801
9264031
9264349
9266062
9267187
9267771
9268113
9268210
9269070
9270186
9271146
9272415
9273341
9274754
9275385
9276464
9278081
9279226
9281839
9282053
9283073
9288610
9288890
9289420
9290707
9290987
9291931
9293259
9294813
9298311
9298595
9299103
9299190
9300872
9301261
9301518
9301891
9304275
9305086
9306938
9309795
9311167
9311421
9311782
9312475
9313685
9314585
9316009
9316500
9316933
9317137
9318040
9318181
9319333
9320695
9321071
9323460
9324072
9324086
9324096
9327908
9329462
9331146
9332062
9332452
9334615
9334630
9335381
9335435
9337434
9340394
9341851
9344433
9346566
9348251
9349652
9350754
9352505
9352507
9355776
9356030
9356264
9357070
9358698
9359435
9359746
9360353
9369428
9371255
9371992
9372883
9377595
9378077
9378185
9379185
9379845
9380767
9381274
9382121
9382770
9384759
9386206
9387383
9390600
9390658
9391309
9393302
9393795
9397487
9398190
9398428
9398935
9401973
9401977
9405948
9406904
9407255
9408362
9420062
9422712
9423572
9423794
9424216
9425414
9426435
9427642
9428137
9428752
9429668
9429788
9430131
9431138
9438872
9440775
9441759
9443745
9444505
9445135
9445803
9448312
9449056
9450114
9451400
9452696
9453035
9454073
9454188
9455995
9456400
9457464
9457651
9459856
9461256
9461865
9462156
9463207
9463300
9463725
9464910
9465664
9468037
9473814
9476583
9478746
9481790
9481836
9486252
9486609
9487824
9490600
9495338
9498985
9500872
9501636
9502415
9503184
9503542
9504991
9505679
9505990
9507840
9507907
9508949
9509205
9511319
9511812
9513465
9516814
9518746
9519291
9519331
9519977
9520681
9522960
9523712
9524847
9527231
9527357
9532833
9537533
9539348
9540235
9542081
9547195
9549011
9552748
9552950
9555872
9555919
9557962
9559251
9560708
9563003
9565325
9565761
9566195
9568155
9575345
9577284
9581219
9582049
9583641
9583998
9584336
9585195
9586900
9587084
9587677
9592196
9592262
9593095
9593651
9594440
9597257
9600302
9600921
9601439
9607501
9607502
9608831
9609097
9613192
9618130
9618253
9620809
9621056
9624348
9624808
9626698
9627802
9629415
9629482
9629649
9632240
9639457
9642080
9643656
9646873
9651330
9654441
9657307
9658441
9659084
9664820
9666412
9667027
9670220
9671184
9676348
9678494
9678619
9681164
9681973
9683443
9683782
9685025
9687713
9687790
9689334
9689847
9691308
9691823
9692010
9692106
9692211
9695623
9695719
9696556
9698698
9700704
9702753
9703983
9705412
9706113
9707683
9711742
9712243
9712342
9713545
9714585
9716325
9718408
9722356
9722748
9723949
9728133
9729316
9729496
9729728
9732506
9735225
9738613
9739256
9739690
9740130
9741390
9748715
9750088
9750970
9751762
9753001
9755714
9756286
9756306
9756567
9757050
9758723
9761661
9763576
9764510
9764552
9767183
9767574
9769354
9771358
9773984
9774631
9774975
9776743
9776878
9778316
9779058
9779584
9781877
9782495
9786162
9786257
9788959
9792885
9794289
9794735
9798355
9800961
9802367
9804503
9805031
9809351
9809862
9810108
9811550
9811995
9812586
9816604
9819563
9820171
9821718
9822016
9822273
9823686
9825528
9827672
9827982
9828458
9833984
9834581
9834773
9835316
9845340
9845544
9846942
9847547
9851728
9856416
9856647
9859886
9861719
9865220
9867112
9867174
9867646
9868856
9871814
9873129
9873174
9873620
9876563
9878940
9882711
9882975
9883830
9884808
9886544
9888363
9888447
9888467
9889752
9891868
9892518
9892635
9895294
9898727
9901742
9905549
9911932
9912109
9913859
9926450
9927839
9927998
9928993
9932299
9934766
9935614
9937006
9939540
9939587
9940435
9940947
9947207
9949023
9953253
9954329
9961092
9963795
9966447
9970695
9971681
9972276
9976967
9981493
9985748
9988282
9988608
9990615
9991389
9991468
9993314
9997187
9998289
9998304
9998572
9999200
10002415
10004854
10005101
10006467
10007209
10011503
10014122
10015766
10017030
10017265
10019318
10020830
10021982
10023151
10024385
10025046
10028476
10035759
10039309
10041885
10042451
10042583
10044199
10047871
10048053
10051850
10053030
10053591
10053625
10054152
10055527
10058087
10061549
10063345
10064668
10070848
10070885
10073665
10075112
10076130
10077299
10079492
10081413
10081991
10082881
10083367
10086912
10089509
10089969
10091724
10092540
10094452
10095330
10100746
10107042
10107220
10108077
10109043
10110027
10110679
10110746
10112350
10112719
10114540
10115745
10117700
10118422
10118990
10120727
10121476
10122720
10123064
10124383
10125135
10131168
10132370
10132882
10132957
10134081
10134261
10135391
10136015
10137566
10138355
10141527
10143259
10144015
10147000
10147275
10147547
10148187
10148899
10152980
10155254
10155526
10155863
10156160
10158029
10158631
10160442
10164986
10165058
10166092
10166514
10167006
10168607
10169198
10181254
10183304
10183324
10183437
10185523
10186541
10189021
10189412
10191283
10193445
10195640
10195981
10196066
10196273
10198445
10198920
10199348
10201575
10203307
10205989
10206255
10206727
10207752
10209941
10210033
10210681
10213613
10213751
10216441
10216590
10217041
10218719
10220726
10220759
10220760
10222325
10223875
10223987
10234730
10237084
10239797
10240332
10243559
10245668
10246244
10246368
10248208
10249788
10250035
10250241
10251367
10252638
10252724
10252817
10256596
10260628
10262775
10266162
10268707
10272560
10276137
10277217
10281363
10282816
10283706
10284058
10284146
10284388
10285728
10286611
10286894
10289720
10290260
10294068
10294098
10295646
10296165
10296783
10299562
10299999
10303361
10305393
10305678
10305855
10306645
10307190
10307506
10312723
10313096
10313131
10317166
10317772
10318685
10320145
10321117
10321242
10322597
10324243
10324470
10326002
10326456
10327095
10327991
10331241
10333888
10336472
10336922
10336952
10337391
10337866
10338413
10339753
10340023
10340847
10340893
10343161
10343848
10344015
10349331
10349346
10349760
10350107
10350892
10352464
10355877
10356502
10357490
10360328
10360492
10363656
10365507
10367281
10369808
10371114
10373491
10375340
10375832
10376518
10382308
10383536
10384684
10386424
10387774
10388389
10395465
10400738
10403885
10404477
10408698
10413809
10415706
10417029
10417318
10418204
10420559
10422759
10427790
10430356
10430444
10432467
10432974
10435178
10435277
10436006
10437382
10437475
10437825
10438516
10438677
10441997
10442646
10445583
10446120
10446338
10450789
10451146
10452091
10459258
10459756
10460128
10463936
10464734
10465295
10466093
10467838
10469806
10470328
10472541
10475275
10475311
10475919
10476581
10482199
10482672
10482910
10483670
10487333
10489312
10489395
10490936
10490970
10493148
10495118
10497549
10498764
10498796
10499412
10499432
10500764
10501142
10501856
10512477
10513621
10518508
10518655
10520803
10522274
10527140
10530903
10530955
10532812
10532981
10533692
10540103
10541793
10559029
10559194
10561329
10561417
10562403
10563228
10563776
10565405
10567079
10568255
10571161
10572212
10573593
10575490
10577011
10577631
10578636
10579002
10579013
10583749
10583944
10585851
10586076
10591042
10591567
10592082
10592873
10593391
10599627
10600484
10603984
10604081
10606758
10607615
10608138
10608393
10609851
10612207
10615482
10618461
10619173
10620389
10620868
10621229
10621872
10622303
10624718
10625739
10626733
10627847
10629806
10630756
10631376
10631638
10646924
10648579
10648851
10650852
10651738
10652965
10658297
10662084
10662632
10663619
10663891
10664374
10665922
10668404
10670686
10674117
10679112
10679491
10683510
10686042
10687163
10689250
10689616
10692065
10696027
10696512
10697847
10701717
10702400
10703371
10704687
10709109
10712591
10713467
10715900
10718911
10719221
10721050
10721126
10721888
10723978
10729161
10730406
10734261
10734672
10735218
10738489
10746173
10746934
10750365
10753309
10754571
10755424
10756012
10756493
10761336
10763423
10764805
10765550
10765724
10766680
10771128
10773991
10775418
10776409
10778850
10787394
10789105
10791596
10792699
10793994
10795353
10795968
10798301
10801106
10806217
10809822
10810034
10810559
10818200
10818855
10822483
10823244
10823291
10824379
10825891
10826193
10829230
10830124
10833945
10835481
10836532
10838702
10839554
10840590
10840743
10842072
10846822
10847416
10848492
10849855
10852304
10853136
10854282
10856655
10859035
10859354
10860589
10860799
10862176
10863097
10863146
10863291
10864895
10865327
10867997
10869534
10874689
10875708
10876078
10878883
10879409
10879734
10880080
10881681
10884857
10886789
10891188
10895489
10897416
10897722
10900140
10900272
10901730
10903248
10903483
10905824
10905958
10907622
10915819
10917502
10919623
10920938
10920963
10926522
10927793
10928211
10930115
10933512
10939341
10942978
10943865
10945209
10945729
10947552
10947665
10948887
10948888
10948898
10950678
10952222
10952399
10953635
10954918
10955058
10955666
10956401
10964216
10965607
10968656
10968960
10969971
10973275
10979777
10981531
10983410
10985202
10993814
10995292
10996015
11004752
11007969
11025482
11043162
11052054
11054994
11056192
11057442
11064797
11066065
11067266
11070145
11070941
11085682
11091274
11091354
11092613
11096172
11110496
11111377
11113372
11114886
11115594
11116871
11124296
11127971
11129555
11132701
11133735
11140350
11143767
11144743
11145093
11145148
11146078
11153356
11156787
11161794
11162729
11165358
11167283
11169124
11172395
11172884
11173632
11174721
11175905
11175985
11176016
11176069
11181254
11183806
11188454
11189365
11193329
11193958
11195961
11197255
11198937
11199500
11199764
11200380
11201047
11207585
11209665
11222286
11223757
11223846
11226150
11228835
11230529
11231160
11232118
11232855
11233912
11233947
11236522
11236938
11237314
11243710
11246976
11255259
11255408
11256492
11258620
11262043
11263772
11264785
11265214
11265218
11272648
11273219
11277990
11279213
11280041
11280308
11280872
11283232
11286707
11287037
11287676
11291444
11291559
11292056
11292448
11300131
11300675
11301470
11301677
11305157
11314567
11315649
11316213
11317404
11323734
11326487
11332942
11335125
11335368
11336149
11338320
11338430
11340919
11342333
11345974
11351941
11357509
11359586
11360144
11360381
11364669
11370099
11371208
11371286
11374590
11374932
11378990
11380039
11380652
11382431
11383204
11387373
11387946
11388028
11394439
11397198
11397923
11399018
11401688
11402150
11407028
11407079
11410933
11413220
11417259
11422853
11423630
11426406
11426749
11427883
11433545
11437694
11437776
11438112
11439130
11441195
11441622
11441643
11441786
11446594
11450498
11450751
11454991
11455341
11455681
11455774
11457008
11466444
11466547
11468340
11471165
11473892
11474185
11476512
11476566
11479334
11482702
11484595
11486548
11487398
11487834
11488617
11491087
11491295
11491625
11498212
11498652
11500319
11507420
11507963
11510924
11513079
11514359
11514481
11515062
11517948
11520593
11525726
11528270
11529132
11530648
11530845
11531394
11532119
11534239
11534719
11541258
11542461
11544606
11550757
11553052
11553061
11555312
11556043
11556378
11556387
11558504
11559617
11561102
11568733
11568914
11570426
11571264
11571406
11573550
11578010
11578418
11579840
11583506
11590202
11591931
11592691
11593284
11595254
11596734
11599992
11604989
11606746
11607753
11607964
11608674
11608724
11609579
11610662
11610995
11612315
11619236
11621380
11626174
11627045
11629965
11631253
11631255
11631361
11637054
11638922
11640322
11641529
11641632
11644450
11652996
11656622
11658469
11658605
11660397
11666470
11672587
11675003
11675150
11677509
11677813
11677847
11689364
11689564
11689622
11691615
11691621
11694774
11699297
11701285
11703856
11704085
11704331
11710391
11710904
11714120
11725814
11727764
11728252
11728369
11729891
11730220
11730296
11730521
11735680
11737896
11743746
11744237
11744647
11745316
11745519
11746604
11747039
11747477
11752264
11752628
11756177
11757203
11758429
11759221
11760258
11761224
11763600
11764454
11767299
11769623
11772214
11775189
11775206
11785364
11785921
11786600
11786777
11786825
11787308
11788744
11790317
11791167
11791405
11793489
11794365
11794736
11795349
11795353
11798655
11805715
11808001
11808695
11810709
11810782
11812255
11812673
11812940
11813005
11813028
11813562
11814579
11817425
11824718
11825026
11825157
11830755
11831150
11831840
11833841
11834539
11835717
11836283
11842065
11849793
11850459
11851055
11851324
11859884
11860387
11861947
11865370
11866141
11876002
11877054
11882767
11886571
11887742
11892492
11893598
11894609
11897426
11898313
11899139
11901188
11902085
11904100
11909654
11909921
11911347
11914377
11923745
11923926
11925461
11929721
11931521
11932963
11936076
11942037
11942312
11942324
11944559
11945432
11948934
11949837
11949980
11950823
11953336
11953740
11954388
11955049
11956212
11957441
11961172
11961679
11963056
11965570
11970830
11971010
11971818
11974326
11975442
11975777
11976143
11980170
11981653
11982228
11982296
11982405
11989567
11990612
11990847
11991727
11992289
11993858
11993962
11994187
11995857
11995885
11995937
11996236
11996311
11997970
11999437
12001261
12003115
12003980
12008132
12008727
12010566
12010604
12011032
12011290
12014150
12017152
12020486
12022405
12034125
12034402
12034700
12035900
12036629
12037965
12040864
12044857
12050419
12058121
12059264
12060019
12060845
12062692
12063415
12066362
12067630
12069172
12072214
12073287
12077745
12078603
12080053
12081766
12082212
12082511
12086897
12087230
12092656
12096161
12096982
12097341
12098496
12102063
12107295
12108067
12113357
12116486
12129928
12130004
12132635
12137379
12138295
12140555
12140811
12143154
12147161
12150181
12153705
12155282
12156043
12156446
12168361
12172364
12175946
12176746
12176798
12177805
12177893
12187182
12189188
12192737
12194772
12197365
12199155
12199836
12207877
12208118
12208502
12210456
12210868
12211721
12211916
12224361
12230333
12233439
12234898
12248923
12249033
12251411
12253836
12255065
12256360
12256640
12258096
12258735
12263272
12263882
12264116
12269488
12270987
12274617
12277228
12279679
12284003
12289299
12291341
12293452
12293926
12294273
12294909
12294952
12300089
12300570
12300700
12304256
12305936
12312527
12313581
12314262
12315912
12315993
12317036
12318739
12325447
12328478
12330491
12331381
12335246
12337299
12338843
12342111
12343277
12344025
12352119
12352349
12354224
12356038
12360012
12364835
12365523
12366134
12370166
12370263
12370803
12372180
12372543
12376580
12376914
12377608
12378661
12384297
12384622
12391176
12391227
12394918
12395092
12395098
12398436
12400239
12400816
12401229
12408232
12410672
12412641
12413508
12413751
12414228
12414500
12414567
12414636
12414995
12415718
12416665
12417092
12417176
12417743
12418644
12425200
12427121
12427705
12429682
12432617
12433490
12440270
12443443
12444735
12459278
12460819
12462341
12467319
12473217
12473726
12476417
12482982
12491314
12492986
12494842
12497721
12503064
12505455
12508242
12513567
12518067
12521918
12522486
12523182
12524265
12526477
12529313
12534391
12536813
12537832
12539846
12543952
12551358
12554918
12556042
12557634
12560951
12567816
12570538
12572343
12572532
12578640
12580297
12580836
12593436
12599734
12600231
12600630
12602520
12604914
12605576
12607190
12607888
12611060
12619274
12622753
12634075
12636341
12639121
12639949
12640930
12641683
12644314
12649716
12651833
12652166
12653559
12664280
12667135
12667422
12672948
12674746
12678441
12684342
12686692
12686980
12689747
12690832
12693158
12694186
12695638
12697434
12700048
12705112
12707414
12712026
12713713
12713716
12714089
12714684
12719110
12721273
12722490
12725827
12727651
12728279
12729760
12731124
12732881
12737097
12743770
12744642
12746274
12747595
12747620
12750622
12751500
12753805
12754047
12754476
12754622
12755620
12758864
12759028
12770819
12771101
12771215
12772987
12774621
12774706
12774715
12776537
12777048
12779138
12780874
12781162
12782432
12782433
12784348
12785322
12785502
12786389
12788893
12789721
12790183
12790913
12792645
12793545
12794600
12795755
12799419
12802178
12805468
12806799
12808529
12809226
12813500
12814379
12814729
12817287
12818779
12819449
12820087
12821769
12822170
12822854
12825230
12825513
12830755
12831885
12832759
12832963
12833124
12838415
12841114
12844984
12851275
12851563
12852408
12854884
12858604
12861501
12863228
12863232
12863877
12868650
12870359
12874908
12877674
12878195
12878530
12881052
12888296
12902230
12915486
12916630
12924657
12932515
12933884
12934794
12939530
12948130
12948699
12949135
12951304
12952297
12952464
12952771
12953750
12955415
12957176
12958088
12958142
12963348
12964473
12968847
12969040
12969056
12970854
12976966
12978560
12978712
12986233
12989985
12990623
12993161
12994837
12995497
12996139
12996741
12999024
13000321
13000879
13003373
13006235
13012517
13013847
13014570
13020420
13025826
13048982
13051649
13058710
13059333
13073692
13073890
13080050
13082773
13083934
13085847
13092493
13093379
13097109
13097230
13098129
13099870
13100830
13102136
13103177
13105468
13105638
13106688
13108603
13118844
13119816
13119880
13120632
13122158
13122299
13122829
13123180
13126082
13126554
13127023
13130715
13130821
13131323
13133983
13139697
13139892
13145375
13145639
13148592
13148664
13149033
13155236
13166784
13167309
13167402
13167874
13168335
13171105
13174644
13178297
13179158
13180270
13183048
13183101
13183249
13184339
13184473
13185181
13185338
13190173
13190284
13190679
13192526
13195605
13196200
13200700
13200932
13201417
13201753
13202728
13202817
13203086
13203340
13203396
13209823
13210571
13211034
13213639
13221302
13225344
13226964
13227712
13228307
13238068
13238171
13238621
13245272
13246402
13251480
13258886
13262216
13267019
13269044
13280020
13281832
13282368
13291737
13292755
13295234
13295836
13298397
13299406
13300268
13300964
13301812
13302188
13302208
13303865
13304049
13305304
13305527
13307552
13308881
13309181
13313334
13330303
13334380
13337664
13341932
13344667
13345628
13346660
13348033
13348248
13348254
13348347
13348549
13348626
13348633
13348700
13350893
13351673
13352788
13352870
13353632
13354240
13354387
13362113
13362361
13362729
13362874
13363639
13364418
13364662
13366700
13368544
13368752
13369671
13371871
13372633
13372682
13378346
13379089
13379908
13386289
13389344
13389405
13389409
13389502
13394449
13397964
13398214
13398647
13400286
13400426
13402683
13414105
13414221
13416436
13420797
13421485
13421518
13427501
13436118
13446781
13448644
13451295
13457086
13462014
13463398
13466395
13466574
13466942
13476189
13479076
13493644
13494551
13505567
13508200
13508826
13512829
13515315
13517770
13522540
13523262
13524691
13526021
13528688
13533352
13535887
13538021
13543207
13543332
13543451
13543753
13545867
13546687
13547026
13553058
13554186
13556940
13557611
13557700
13557712
13558804
13559405
13569913
13570477
13571087
13571234
13571860
13572001
13572046
13572078
13572182
13572195
13572873
13572964
13573061
13573127
13573623
13575711
13576531
13578009
13586687
13591954
13592400
13596751
13597000
13597214
13597563
13597997
13598434
13599704
13601271
13603419
13604653
13611245
13612490
13613106
13614697
13617287
13620201
13620304
13621563
13647628
13654437
13656280
13657497
13659526
13660256
13660349
13669015
13671960
13677613
13680608
13683463
13696075
13702125
13707519
13708228
13710158
13711365
13712701
13718688
13721168
13726764
13729203
13730000
13733526
13733557
13735647
13751570
13751738
13755961
13756329
13757916
13761397
13763039
13763878
13764544
13765018
13765699
13769044
13770980
13772761
13772826
13772883
13775235
13777874
13778007
13779435
13779509
13780052
13780191
13780210
13781203
13781773
13782406
13782548
13783505
13783833
13784159
13785269
13785731
13785836
13786359
13786984
13790914
13793844
13805373
13810861
13810877
13812138
13813095
13814908
13819820
13820255
13823378
13824353
13826664
13828103
13838282
13839206
13839347
13843468
13844506
13847100
13847341
13849110
13861179
13862933
13872293
13873210
13873714
13886145
13891500
13895407
13906795
13907345
13907940
13912707
13917646
13921278
13925204
13932650
13933841
13935981
13940541
13944288
13944752
13945542
13948428
13948903
13949438
13949582
13950260
13953715
13958971
13960949
13967412
13968668
13968813
13973874
13973946
13974178
13976056
13976537
13977943
13979262
13980664
13981448
13981544
13984018
13985381
13989128
13993842
13998940
14004258
14004510
14004651
14004884
14005805
14006823
14007397
14007728
14008009
14010221
14013687
14014120
14014563
14014621
14015247
14015681
14025701
14027402
14028853
14034642
14038733
14045770
14046597
14047418
14048900
14049216
14049741
14049814
14050548
14051758
14052896
14053076
14053356
14053517
14054590
14055744
14057023
14061678
14067726
14068649
14070538
14076818
14077324
14080845
14081193
14083729
14085039
14098308
14100824
14101811
14107040
14108374
14113466
14115299
14122702
14126805
14127717
14129807
14134524
14135360
14135696
14137213
14139085
14140274
14145338
14153086
14153907
14155195
14157348
14159192
14160873
14162361
14174180
14178154
14183741
14185021
14186806
14192173
14194654
14197390
14204528
14205489
14205577
14207781
14209299
14209857
14209897
14210284
14221322
14221772
14222402
14225120
14232840
14233039
14233373
14236847
14237762
14240981
14242433
14245351
14245963
14249108
14252691
14253452
14253849
14254060
14255137
14256952
14259154
14261190
14261232
14262665
14262706
14264173
14264180
14264211
14264519
14273274
14274226
14274916
14275287
14275375
14284297
14284719
14285418
14285721
14285826
14286571
14290694
14290732
14293650
14293717
14294377
14296747
14297810
14298401
14300474
14301114
14304752
14304759
14304829
14304986
14305767
14305989
14306198
14306223
14306413
14306808
14307804
14307929
14308407
14311801
14312601
14316786
14317320
14326857
14329197
14329673
14329779
14330233
14330806
14330975
14331454
14331555
14336885
14337883
14341162
14342600
14343475
14345019
14345585
14349612
14351929
14357330
14357736
14357791
14358108
14362989
14363462
14369209
14370624
14370809
14371210
14371264
14371616
14372408
14375294
14379611
14380409
14388036
14390920
14393342
14394504
14397090
14398390
14403279
14403566
14403971
14406499
14407696
14413339
14414982
14416980
14418164
14426186
14427816
14431903
14434328
14438111
14440138
14442020
14443386
14443914
14444074
14444311
14444928
14447942
14448740
14451313
14451566
14452663
14456402
14459017
14461227
14464585
14466695
14473222
14478405
14482148
14484134
14484344
14485781
14489287
14491005
14494139
14494256
14499837
14501027
14502920
14508013
14509637
14510043
14515660
14516462
14516736
14516921
14519052
14520365
14520565
14523444
14526983
14527080
14530934
14532394
14541389
14541450
14552359
14556554
14558985
14560130
14562437
14562449
14564385
14565555
14567017
14569494
14572486
14578725
14580340
14582446
14585171
14585993
14586752
14593666
14595114
14602965
14609695
14612594
14629128
14643373
14653648
14664359
14666724
14668354
14673026
14674796
14675881
14677206
14679828
14683815
14688773
14690788
14691861
14700096
14724717
14727239
14727647
14727749
14728519
14730217
14739841
14746817
14747250
14752886
14754323
14755839
14910526
15000669
15006380
15007245
15015304
15020776
15021357
15021510
15031266
15033311
15046200
15046504
15048850
15051374
15051684
15058861
15060361
15061007
15061167
15061203
15062242
15062408
15064200
15065781
15066108
15078763
15081013
15081229
15086903
15088486
15088912
15089822
15090375
15090714
15092846
15094527
15100034
15100443
15104270
15107104
15108158
15113820
15114486
15114682
15114811
15114903
15115011
15115853
15120387
15120446
15120690
15120935
15121091
15123084
15126753
15127187
15127866
15130276
15130542
15130580
15131921
15133980
15134302
15136145
15136466
15140758
15149216
15149555
15151845
15151918
15152033
15158237
15159358
15165834
15183566
15188875
15193285
15198371
15198815
15200308
15204898
15205517
15206084
15206665
15208467
15208957
15213121
15215736
15226951
15245324
15252173
15258828
15259073
15277652
15284632
15295592
15296249
15301251
15307860
15314419
15327619
15329732
15350791
15352662
15358205
15370706
15382385
15393308
15397746
15398883
15404167
15406259
15406463
15409634
15411890
15418055
15420624
15421510
15421744
15428727
15429940
15445551
15446212
15447779
15447861
15451904
15452245
15457320
15465265
15480241
15483299
15483685
15488427
15490062
15494648
15497017
15498011
15498099
15498371
15509020
15509390
15511703
15531988
15532353
15532370
15534450
15536885
15546912
15550039
15555754
15555829
15561213
15561890
15564582
15568791
15569903
15570790
15571620
15582250
15597201
15598502
15599525
15604195
15612244
15613692
15615328
15619925
15622533
15623084
15623357
15623617
15625251
15626080
15627315
15628227
15629407
15630075
15630579
15631492
15632017
15634819
15634922
15635188
15649492
15661932
15668214
15669663
15671638
15672507
15676033
15676560
15683248
15683417
15683580
15686479
15688534
15689671
15692512
15695451
15697761
15698840
15706081
15709753
15711620
15720757
15724032
15727240
15738655
15742845
15749397
15754295
15756236
15766868
15775851
15778839
15781311
15782559
15786987
15795087
15799491
15801975
15801979
15802598
15802772
15803098
15803165
15805676
15809299
15810251
15811460
15811678
15816723
15817953
15817997
15818643
15829803
15832357
15835730
15836021
15836226
15848238
15848241
15848503
15853727
15865909
15867600
15868028
15878694
15879347
15893247
15893708
15894881
15906722
15908140
15914535
15932051
15934050
15942413
15946351
15946393
15946805
15950219
15953486
15953577
15958128
15961799
15964303
15968504
15973590
15976143
15976791
15976817
15976941
15977237
15977450
15977777
15977794
15989683
15989712
15993707
15996228
15996619
15996985
15997946
15999728
16003588
16023279
16024414
16024945
16025445
16027449
16031352
16035032
16042493
16050080
16050133
16059589
16061538
16062075
16063823
16064986
16074405
16075659
16076923
16077895
16082873
16083335
16090348
16093429
16093431
16093624
16107193
16109257
16110918
16116663
16120229
16127802
16128188
16129105
16131225
16141756
16143871
16145078
16147214
16148168
16150368
16152210
16154062
16158164
16161573
16165053
16165952
16181457
16192038
16195512
16195621
16198559
16203939
16205818
16206702
16215165
16220195
16223139
16223530
16225974
16230695
16232033
16239087
16241576
16249212
16254653
16254917
16274144
16279266
16279840
16282716
16282914
16289733
16290566
16298007
16298322
16299242
16310716
16311121
16312937
16314506
16316557
16319462
16324720
16327127
16335122
16335874
16336034
16336635
16336782
16337201
16337281
16337290
16337485
16344430
16357381
16358932
16359421
16360253
16366158
16375604
16375962
16377771
16391846
16393729
16394586
16395582
16395669
16395676
16397510
16400554
16401430
16407209
16408577
16423661
16426306
16431523
16432778
16433446
16437088
16441153
16442753
16445227
16446316
16452933
16461194
16464149
16466333
16482219
16489919
16495850
16496773
16507450
16510505
16516518
16537798
16540032
16540792
16545801
16551369
16554022
16557559
16565736
16569528
16577606
16577778
16582307
16586734
16588371
16588671
16588735
16588905
16589317
16589677
16589736
16590285
16590312
16590818
16591214
16595083
16598715
16599876
16602731
16604132
16615238
16619133
16619149
16623942
16624404
16636820
16656161
16661791
16663168
16675636
16675687
16678822
16679123
16680682
16700799
16708327
16710784
16723609
16730302
16735379
16737144
16738703
16745896
16751088
16757619
16767497
16769533
16776299
16779278
16799586
16799763
16802979
16803137
16826247
16826341
16828033
16828911
16838326
16839176
16842973
16845644
16847743
16850077
16851814
16852678
16857167
16857331
16858255
16858587
16858697
16858968
16859671
16859780
16860013
16860098
16860103
16860110
16860251
16860255
16860470
16868539
16880182
16885339
16888616
16890206
16893482
16899447
16899524
16904564
16910779
16914078
16921446
16943105
16946977
16953645
16957622
16959988
16975161
16982714
16982903
16983209
16983360
16983507
17008853
17016660
17018961
17042496
17045752
17058648
17062869
17081623
17098070
17102511
17107644
17114975
17115679
17118480
17123589
17123722
17128043
17131423
17132128
17139087
17142750
17144820
17155395
17155568
17155982
17156239
17157107
17157147
17159226
17162354
17172600
17172852
17173037
17173045
17173086
17181476
17181914
17185604
17189889
17192659
17197814
17203578
17214807
17216278
17217073
17217587
17227071
17228379
17237461
17242051
17252148
17262325
17262864
17288083
17288273
17288336
17296144
17315465
17316880
17322541
17323076
17334811
17334851
17335532
17335927
17339429
17352831
17354528
17373005
17402711
17414878
17424537
17434472
17440468
17441684
17442316
17442675
17442834
17442885
17443246
17443304
17443669
17443755
17443862
17443866
17444022
17444261
17468279
17471189
17471441
17477801
17500357
17509051
17509451
17519399
17520435
17522609
17526833
17526998
17528964
17529058
17538031
17552671
17554535
17563552
17566662
17590356
17590826
17591239
17591383
17592323
17593167
17595207
17595768
17604919
17604966
17616160
17616623
17630853
17632739
17632825
17633125
17634742
17636230
17636336
17639080
17674471
17676381
17676382
17676521
17686447
17686832
17689853
17690794
17693867
17705400
17706074
17707156
17711237
17716632
17718453
17719188
17721163
17727615
17727929
17728194
17728313
17729535
17729916
17731576
17738342
17745837
17754323
17759837
17764257
17767404
17775940
17779461
17779626
17779884
17781523
17781621
17782923
17783826
17784736
17786500
17788261
17794932
17794937
17795109
17795298
17795472
17795859
17796137
17796388
17796894
17799518
17800524
17802233
17808650
17811172
17811790
17812260
17814960
17816236
17816866
17817865
17819444
17819509
17819512
17819620
17819787
17819847
17819905
17820024
17820362
17825913
17832955
17835010
17835680
17836745
17839261
17839948
17840680
17841153
17844989
17848128
17849887
17850529
17851647
17851803
17853977
17859289
17859453
17859547
17863727
17868106
17872435
17872535
17873109
17873126
17873213
17873324
17875073
17875424
17879212
17882238
17882411
17882727
17884238
17895343
17895579
17895869
17924613
17926993
17929642
17931714
17935021
17951921
17980580
17980594
17980652
17980778
17980854
17980867
17983370
17984732
17991964
17992612
18000799
18001217
18001296
18003631
18027057
18035627
18086227
18096210
18099521
18102433
18119750
18126675
18155102
18162108
18176492
18224481
18231604
18252625
18254415
18260656
18318430
18339776
18344545
18379946
18420373
18428673
18458461
18476895
18492363
18499965
18506538
18536149
18536689
18556904
18599792
18616932
18620414
18625557
18628104
18644441
18644860
18651929
18652456
18685940
18701218
18712032
18732631
18794588
18801586
18814701
18822688
18844376
18850604
18854762
18854982
18854993
18855019
18855099
18857936
18890023
18900752
18905097
18920336
18940396
18944907
18945924
18951388
18951659
18951803
19051101
19056638
19126348
19187481
19194592
19202579
19203131
19292844
19301032
19369732
19936432
20340765
21184843
21289126
21289543
21319204
21405309
21612326
21726120
21812795
21836851
21932713
22119852
22156747
22157483
22180383
22200510
22251013
22251107
22262332
22320770
22326568
22353619
22369856
22377657
22519273
22576279
22635278
22764028
22786976
23030387
23140260
23503934
24179735
24279908
24609952
